    #         X           Y           Z       CHARGE      MIN DIST   ATOMIC VOL
 --------------------------------------------------------------------------------
    1   -4.595735    8.035252   16.001292    7.627724     0.789485     8.915220
    2    9.293380    0.023052   11.519600    7.396910     0.773971     7.819420
    3   -1.581006    8.034333   13.788462    7.677766     0.873626     9.230963
    4    1.633060    8.055175   13.816837    7.847207     0.878865    10.672421
    5   -1.493199    2.641950   13.827112    7.759934     0.844245     9.864460
    6    1.537997    2.620301   13.760033    7.795850     0.830723    10.299361
    7    4.656422    2.696845   13.768297    7.727566     0.846641     9.999204
    8   -3.085689    5.427663   13.775349    7.669407     0.860968     9.223673
    9    0.040030    5.364008   13.681823    7.835220     0.868335    11.258155
   10    3.162004    5.431115   13.729427    7.837308     0.813365    10.477847
   11   -9.252493   16.100993   16.001292    7.745947     0.776429     8.995915
   12    4.636622    8.088793   11.519600    7.519876     0.773971     7.926008
   13   -6.237764   16.100074   13.788462    7.675823     0.873626     9.226689
   14   -3.023698   16.120916   13.816837    7.842752     0.878865    10.701079
   15   -6.149956   10.707691   13.827112    7.760684     0.844245     9.863455
   16   -3.118761   10.686042   13.760033    7.796584     0.830723    10.302630
   17   -0.000335   10.762586   13.768297    7.726871     0.844742     9.992920
   18   -7.742446   13.493404   13.775349    7.668011     0.860968     9.225935
   19   -4.616728   13.429749   13.681823    7.833218     0.868335    11.242569
   20   -1.494754   13.496856   13.729427    7.832258     0.813365    10.462512
   21    4.717771    8.035252   16.001292    7.652966     0.747110     8.890332
   22   18.606913    0.023052   11.519600    7.511134     0.773961     7.896848
   23    7.732528    8.034333   13.788462    7.675405     0.873638     9.221913
   24   10.946594    8.055175   13.816837    7.847216     0.878865    10.682728
   25    7.820335    2.641950   13.827112    7.756471     0.844245     9.842338
   26   10.851503    2.620301   13.760033    7.794216     0.830718    10.276485
   27   13.969928    2.696845   13.768297    7.730225     0.853240    10.029371
   28    6.227845    5.427663   13.775349    7.670105     0.860953     9.254593
   29    9.353536    5.364008   13.681823    7.832320     0.868334    11.233016
   30   12.475510    5.431115   13.729427    7.838139     0.813359    10.498209
   31    0.061013   16.100993   16.001292    7.615783     0.789480     8.900639
   32   13.950156    8.088793   11.519600    7.525484     0.773961     7.947879
   33    3.075770   16.100074   13.788462    7.676496     0.873638     9.234985
   34    6.289836   16.120916   13.816837    7.845866     0.878865    10.699068
   35    3.163578   10.707691   13.827112    7.760506     0.844245     9.865215
   36    6.194745   10.686042   13.760033    7.798702     0.830718    10.310171
   37    9.313171   10.762586   13.768297    7.732102     0.853240    10.020321
   38    1.571088   13.493404   13.775349    7.670215     0.860953     9.257359
   39    4.696778   13.429749   13.681823    7.837060     0.868334    11.271730
   40    7.818752   13.496856   13.729427    7.841436     0.813359    10.521086
   41   14.031277    8.035252   16.001292    7.623436     0.789474     8.898125
   42   27.920419    0.023052   11.519600    7.394882     0.773966     7.808862
   43   17.046034    8.034333   13.788462    7.677131     0.863122     9.225181
   44   20.260100    8.055175   13.816837    7.845404     0.878865    10.686499
   45   17.133841    2.641950   13.827112    7.761175     0.844245     9.867226
   46   20.165037    2.620301   13.760033    7.797427     0.830729    10.311679
   47   23.283462    2.696845   13.768297    7.727137     0.846648     9.992165
   48   15.541351    5.427663   13.775349    7.669139     0.860961     9.226438
   49   18.667070    5.364008   13.681823    7.839687     0.868337    11.283294
   50   21.789044    5.431115   13.729427    7.835369     0.813372    10.469048
   51    9.374519   16.100993   16.001292    7.623010     0.789474     8.908432
   52   23.263662    8.088793   11.519600    7.525366     0.773966     7.946874
   53   12.389276   16.100074   13.788462    7.675729     0.873632     9.219148
   54   15.603342   16.120916   13.816837    7.843948     0.878865    10.703845
   55   12.477084   10.707691   13.827112    7.761235     0.844245     9.864209
   56   15.508279   10.686042   13.760033    7.797858     0.830729    10.286038
   57   18.626705   10.762586   13.768297    7.730697     0.853226    10.019064
   58   10.884594   13.493404   13.775349    7.669895     0.860961     9.231969
   59   14.010312   13.429749   13.681823    7.833935     0.868337    11.242317
   60   17.132286   13.496856   13.729427    7.833931     0.813372    10.466032
   61    2.018108    1.099006   11.772326    0.703228     0.114158    10.035907
   62    0.177441    2.264586   15.848840    0.710863     0.090688    10.693789
   63    2.843947    1.655348   15.762918    0.647256     0.101240    17.272359
   64    4.707451    0.843225   11.750122    0.703333     0.154999    25.150603
   65    1.607513    4.474244   15.784515    0.712194     0.124624    26.176014
   66   -0.011800    3.205713   11.800232    0.669256     0.108235    14.954059
   67   -1.428116    4.481116   15.804378    0.803181     0.234863    33.462995
   68    3.104549    3.575737   11.716404    0.749963     0.206925    28.550122
   69   -2.514034    6.795597   15.810025    0.766368     0.102558    14.442988
   70   -1.794286    6.442801   11.761307    0.660797     0.127099    20.357391
   71    0.062475    7.071832   15.795535    0.747339     0.157260    27.562670
   72    1.869157    6.504714   11.782299    0.610880     0.092845    14.056102
   73    2.828049    6.772432   15.810190    0.693484     0.123126     9.988143
   74    4.791329    5.786524   11.745963    0.662051     0.108337     9.780497
   75    4.638699    4.732090   15.740246    0.764789     0.131139    17.560449
   76    6.321586    3.628987   11.738056    0.753296     0.207785    25.059098
   77    6.243622    1.768043   15.785094    0.656261     0.176989    21.217891
   78    7.322779    1.191745   11.828029    0.638706     0.085264     8.753829
   79    3.668557    6.825811    9.832499    0.593289     0.113679   192.216704
   80   -3.363622    7.771180    9.624841    0.604469     0.126517   255.631560
   81   -0.540622    1.396277    9.747320    0.617716     0.118892   218.042284
   82    1.232858    0.463990   18.042166    0.654661     0.087808   250.721954
   83    4.556898    6.848459   18.103460    0.599786     0.129690   318.151726
   84   -2.638649    9.164747   11.772326    0.697642     0.114158    10.059789
   85   -4.479316   10.330327   15.848840    0.712465     0.090688    10.700074
   86   -1.812810    9.721089   15.762918    0.644711     0.101240    17.467687
   87    0.050694    8.908966   11.750122    0.703406     0.154999    25.240600
   88   -3.049245   12.539985   15.784515    0.711740     0.124624    26.075208
   89   -4.668558   11.271454   11.800232    0.668168     0.108235    14.894229
   90   -6.084873   12.546857   15.804378    0.802649     0.234863    33.205071
   91   -1.552209   11.641478   11.716404    0.750277     0.206925    28.531519
   92   -7.170792   14.861338   15.810025    0.760259     0.102558    14.513377
   93   -6.451043   14.508542   11.761307    0.657919     0.127099    20.348843
   94   -4.594282   15.137573   15.795535    0.748753     0.157260    24.870557
   95   -2.787600   14.570455   11.782299    0.609599     0.092845    14.061633
   96   -1.828708   14.838173   15.810190    0.700509     0.123126     9.424783
   97    0.134571   13.852265   11.745963    0.664983     0.108337     9.822730
   98   -0.018059   12.797831   15.740246    0.764190     0.131139    17.551902
   99    1.664828   11.694728   11.738056    0.753803     0.207785    25.077449
  100    1.586865    9.833784   15.785094    0.657825     0.176989    23.965309
  101    2.666022    9.257486   11.828029    0.638083     0.085264     8.796816
  102   -0.988201   14.891552    9.832499    0.608688     0.113679   192.377341
  103   -8.020380   15.836921    9.624841    0.610391     0.126517   255.738148
  104   -5.197379    9.462018    9.747320    0.615316     0.118892   218.698909
  105   -3.423900    8.529731   18.042166    0.669939     0.112386   267.103143
  106   -0.099859   14.914200   18.103460    0.610907     0.131808   267.744936
  107   11.331614    1.099006   11.772326    0.703525     0.114153    10.041438
  108    9.490947    2.264586   15.848840    0.714393     0.090683    10.702336
  109   12.157453    1.655348   15.762918    0.647525     0.101244    17.270347
  110   14.020957    0.843225   11.750122    0.704498     0.154998    25.160407
  111   10.921047    4.474244   15.784515    0.711693     0.124641    26.073951
  112    9.301734    3.205713   11.800232    0.669027     0.108239    14.951546
  113    7.885390    4.481116   15.804378    0.803713     0.234861    33.279230
  114   12.418083    3.575737   11.716404    0.751330     0.206914    28.535290
  115    6.799472    6.795597   15.810025    0.762112     0.102554    14.462093
  116    7.519220    6.442801   11.761307    0.659194     0.127106    20.351860
  117    9.375981    7.071832   15.795535    0.747908     0.157253    24.573668
  118   11.182663    6.504714   11.782299    0.611156     0.092838    14.069677
  119   12.141555    6.772432   15.810190    0.700445     0.123133     9.392605
  120   14.104863    5.786524   11.745963    0.664188     0.108337     9.851891
  121   13.952205    4.732090   15.740246    0.770808     0.131140    17.783681
  122   15.635092    3.628987   11.738056    0.756085     0.207785    25.020636
  123   15.557156    1.768043   15.785094    0.656256     0.176992    21.340820
  124   16.636313    1.191745   11.828029    0.635358     0.085251     8.788772
  125   12.982063    6.825811    9.832499    0.595299     0.113673   192.293880
  126    5.949884    7.771180    9.624841    0.604160     0.126513   255.766555
  127    8.772884    1.396277    9.747320    0.616789     0.118897   217.993263
  128   10.546364    0.463990   18.042166    0.660015     0.087801   250.904965
  129   13.870404    6.848459   18.103460    0.620393     0.142806   255.249199
  130    6.674857    9.164747   11.772326    0.697102     0.114153    10.049733
  131    4.834190   10.330327   15.848840    0.722508     0.090683    11.206369
  132    7.500696    9.721089   15.762918    0.653314     0.101244    17.559695
  133    9.364200    8.908966   11.750122    0.704764     0.154998    25.340401
  134    6.264289   12.539985   15.784515    0.713324     0.159512    25.801195
  135    4.644976   11.271454   11.800232    0.669065     0.108239    14.889201
  136    3.228633   12.546857   15.804378    0.806484     0.234861    34.124397
  137    7.761325   11.641478   11.716404    0.751546     0.206914    28.529256
  138    2.142714   14.861338   15.810025    0.770600     0.102554    14.564911
  139    2.862463   14.508542   11.761307    0.659095     0.127106    20.351860
  140    4.719224   15.137573   15.795535    0.748938     0.157253    24.891925
  141    6.525906   14.570455   11.782299    0.610803     0.092838    14.071688
  142    7.484798   14.838173   15.810190    0.700034     0.123133     9.410203
  143    9.448105   13.852265   11.745963    0.664240     0.108337     9.844349
  144    9.295447   12.797831   15.740246    0.769696     0.131140    17.758794
  145   10.978334   11.694728   11.738056    0.756726     0.207785    25.028429
  146   10.900399    9.833784   15.785094    0.659290     0.176992    21.759884
  147   11.979556    9.257486   11.828029    0.636188     0.085251     8.809134
  148    8.325305   14.891552    9.832499    0.592174     0.113673   192.660152
  149    1.293126   15.836921    9.624841    0.611361     0.126513   256.044339
  150    4.116127    9.462018    9.747320    0.622488     0.118897   219.538796
  151    5.889606    8.529731   18.042166    0.659746     0.088994   277.312005
  152    9.213647   14.914200   18.103460    0.620129     0.142806   255.407573
  153   20.645148    1.099006   11.772326    0.694547     0.114162    10.036410
  154   18.804453    2.264586   15.848840    0.713652     0.090679    10.691778
  155   21.470987    1.655348   15.762918    0.646498     0.101235    17.279397
  156   23.334463    0.843225   11.750122    0.704200     0.154997    25.198367
  157   20.234553    4.474244   15.784515    0.712115     0.124632    26.092051
  158   18.615240    3.205713   11.800232    0.669692     0.108237    14.893475
  159   17.198924    4.481116   15.804378    0.802659     0.234864    33.211356
  160   21.731589    3.575737   11.716404    0.751623     0.206919    28.538055
  161   16.113006    6.795597   15.810025    0.765815     0.102562    14.413576
  162   16.832726    6.442801   11.761307    0.661182     0.127113    20.358648
  163   18.689487    7.071832   15.795535    0.747394     0.157245    24.564618
  164   20.496197    6.504714   11.782299    0.611180     0.092852    14.066660
  165   21.455061    6.772432   15.810190    0.698749     0.123141     9.389840
  166   23.418369    5.786524   11.745963    0.663250     0.108337     9.849126
  167   23.265739    4.732090   15.740246    0.770096     0.131137    17.797759
  168   24.948626    3.628987   11.738056    0.754350     0.207785    25.022144
  169   24.870662    1.768043   15.785094    0.657087     0.176991    21.368221
  170   25.949819    1.191745   11.828029    0.637057     0.085257     8.759862
  171   22.295569    6.825811    9.832499    0.595357     0.113664   192.252904
  172   15.263390    7.771180    9.624841    0.604513     0.126508   255.581031
  173   18.086390    1.396277    9.747320    0.616193     0.118903   218.099098
  174   19.859898    0.463990   18.042166    0.660149     0.087815   250.846140
  175   23.183938    6.848459   18.103460    0.617511     0.142815   255.328386
  176   15.988391    9.164747   11.772326    0.697779     0.114162    10.051493
  177   14.147696   10.330327   15.848840    0.717281     0.090679    10.717420
  178   16.814230    9.721089   15.762918    0.646484     0.101235    17.491066
  179   18.677706    8.908966   11.750122    0.705038     0.154997    25.310737
  180   15.577795   12.539985   15.784515    0.712850     0.124632    26.083755
  181   13.958482   11.271454   11.800232    0.665349     0.108237    14.885933
  182   12.542167   12.546857   15.804378    0.803554     0.234864    33.226188
  183   17.074831   11.641478   11.716404    0.749844     0.206919    28.525486
  184   11.456248   14.861338   15.810025    0.766810     0.102562    14.504075
  185   12.175969   14.508542   11.761307    0.660861     0.127113    20.360910
  186   14.032730   15.137573   15.795535    0.749117     0.157245    24.880110
  187   15.839440   14.570455   11.782299    0.609930     0.092852    14.062638
  188   16.798304   14.838173   15.810190    0.696513     0.123141     9.404421
  189   18.761611   13.852265   11.745963    0.666074     0.108337     9.840830
  190   18.608981   12.797831   15.740246    0.770091     0.131137    17.764073
  191   20.291868   11.694728   11.738056    0.753783     0.207785    25.014602
  192   20.213905    9.833784   15.785094    0.658410     0.176991    21.618101
  193   21.293062    9.257486   11.828029    0.635574     0.085257     8.817179
  194   17.638811   14.891552    9.832499    0.609694     0.113664   192.672470
  195   10.606632   15.836921    9.624841    0.605676     0.126508   255.800744
  196   13.429633    9.462018    9.747320    0.615679     0.118903   218.618465
  197   15.203140    8.529731   18.042166    0.664730     0.088994   251.343134
  198   18.527181   14.914200   18.103460    0.611117     0.129697   255.631560
  199   21.967444    8.296841   17.820734    0.714016     0.124142   165.244544
  200   26.624202    0.231100   17.820734    0.709604     0.124142   165.179435
  201    7.997162    0.231100   17.820734    0.707649     0.124141   165.024077
  202   12.653910    8.296841   17.820734    0.704349     0.124140   165.157564
  203   17.310668    0.231100   17.820734    0.709215     0.124140   165.158067
  204    1.507011    0.844854   12.565436    6.913150     0.628303    10.971321
  205   -0.041436    1.713938   15.070964    6.812166     0.605913    10.381314
  206    3.047028    1.745249   14.813858    6.841132     0.469271     9.943899
  207    4.683571    0.886909   12.718383    6.861156     0.519044    10.792082
  208    1.600761    4.468324   14.815401    6.818432     0.467952    10.485389
  209    0.018441    3.495289   12.735408    6.897979     0.470561    10.866241
  210   -1.495704    4.466259   14.837797    6.783970     0.511323     9.908202
  211    3.112819    3.581641   12.685849    6.872882     0.486266    11.568116
  212   -3.013593    7.112209   15.037218    6.889758     0.639630    10.501477
  213   -1.576573    6.304054   12.701965    6.951085     0.502850    10.896659
  214    0.047425    7.140972   14.829037    6.846013     0.519555     9.895884
  215    1.644348    6.323234   12.717337    6.985004     0.517993    11.159862
  216    3.174605    7.245084   15.025978    6.834632     0.650626    10.203080
  217    4.681858    6.363821   12.526814    6.884539     0.655682    10.646528
  218    4.672544    4.543045   14.785070    6.815538     0.497948    10.023589
  219    6.251567    3.601450   12.704444    6.836645     0.505431    10.987913
  220    6.225228    1.790707   14.816420    6.908707     0.466274    10.541197
  221    7.829025    0.876520   12.602130    6.969679     0.599279    11.356196
  222    3.227785    7.466231   10.424067    6.797329     0.599287    21.918258
  223   -3.408467    7.210724   10.423488    6.788454     0.650771    17.784436
  224    0.053674    1.603260   10.495664    6.833536     0.657254    19.040118
  225    1.092010    0.950838   17.211287    6.708388     0.612858    16.873406
  226    4.354814    6.618666   17.179965    6.770862     0.463999    16.789694
  227   -3.149747    8.910595   12.565436    6.863128     0.628303    10.894145
  228   -4.698193    9.779679   15.070964    6.838593     0.605913    10.412989
  229   -1.609729    9.810990   14.813858    6.841969     0.469271     9.959234
  230    0.026814    8.952650   12.718383    6.866114     0.519044    10.834315
  231   -3.055997   12.534065   14.815401    6.818244     0.467952    10.484383
  232   -4.638317   11.561030   12.735408    6.902145     0.470561    10.955987
  233   -6.152461   12.532000   14.837797    6.784562     0.511323     9.910464
  234   -1.543938   11.647382   12.685849    6.872096     0.486266    11.570630
  235   -7.670350   15.177950   15.037218    6.858583     0.639630    10.475836
  236   -6.233331   14.369795   12.701965    6.952407     0.502850    10.898670
  237   -4.609333   15.206713   14.829037    6.841239     0.519555     9.888845
  238   -3.012410   14.388975   12.717337    6.983074     0.517993    11.173689
  239   -1.482153   15.310825   15.025978    6.830788     0.650626    10.333802
  240    0.025100   14.429562   12.526814    6.906199     0.655682    10.685493
  241    0.015787   12.608786   14.785070    6.814490     0.497948    10.022081
  242    1.594809   11.667191   12.704444    6.841976     0.505431    11.006516
  243    1.568471    9.856448   14.816420    6.907540     0.466274    10.512538
  244    3.172267    8.942261   12.602130    6.950047     0.599279    11.374296
  245   -1.428972   15.531972   10.424067    6.868457     0.599287    22.492679
  246   -8.065225   15.276465   10.423488    6.813892     0.650771    17.810580
  247   -4.603084    9.669001   10.495664    6.789719     0.657254    18.979785
  248   -3.564748    9.016579   17.211287    6.714215     0.612858    16.920164
  249   -0.301944   14.684407   17.179965    6.831151     0.463999    16.206725
  250   10.820517    0.844854   12.565436    6.914050     0.628303    10.972327
  251    9.272070    1.713938   15.070964    6.839116     0.605913    10.409469
  252   12.360534    1.745249   14.813858    6.837626     0.469271     9.940128
  253   13.997077    0.886909   12.718383    6.858405     0.519044    10.767697
  254   10.914267    4.468324   14.815401    6.819969     0.467952    10.491422
  255    9.331947    3.495289   12.735408    6.898797     0.470561    10.889117
  256    7.817830    4.466259   14.837797    6.784096     0.511323     9.897644
  257   12.426325    3.581641   12.685849    6.873434     0.486266    11.571133
  258    6.299941    7.112209   15.037218    6.865569     0.639630    10.446926
  259    7.736933    6.304054   12.701965    6.952636     0.502850    10.896910
  260    9.360931    7.140972   14.829037    6.843423     0.519555     9.871751
  261   10.957854    6.323234   12.717337    6.984815     0.517994    11.148298
  262   12.488111    7.245084   15.025978    6.836139     0.650626    10.312434
  263   13.995392    6.363821   12.526814    6.883360     0.655682    10.662366
  264   13.986050    4.543045   14.785070    6.810627     0.497948     9.973563
  265   15.565101    3.601450   12.704444    6.838471     0.505431    11.007521
  266   15.538734    1.790707   14.816420    6.908068     0.466274    10.504494
  267   17.142531    0.876520   12.602130    6.951174     0.599279    11.358710
  268   12.541319    7.466231   10.424067    6.803672     0.599280    22.268190
  269    5.905039    7.210724   10.423488    6.789694     0.650770    17.863623
  270    9.367180    1.603260   10.495664    6.828622     0.657254    19.097435
  271   10.405544    0.950838   17.211287    6.718352     0.612851    16.881199
  272   13.668320    6.618666   17.179965    6.819015     0.463999    16.425684
  273    6.163759    8.910595   12.565436    6.865251     0.628303    10.889620
  274    4.615313    9.779679   15.070964    6.843854     0.605913    10.474327
  275    7.703777    9.810990   14.813858    6.842191     0.469271     9.971803
  276    9.340320    8.952650   12.718383    6.863459     0.519044    10.805405
  277    6.257509   12.534065   14.815401    6.817793     0.467952    10.474076
  278    4.675189   11.561030   12.735408    6.902041     0.470561    10.947188
  279    3.161073   12.532000   14.837797    6.784110     0.511323     9.889851
  280    7.769568   11.647382   12.685849    6.872386     0.486266    11.563843
  281    1.643184   15.177950   15.037218    6.886915     0.639630    10.506505
  282    3.080175   14.369795   12.701965    6.949674     0.502850    10.889872
  283    4.704173   15.206713   14.829037    6.838328     0.519555     9.849880
  284    6.301096   14.388975   12.717337    6.985557     0.517994    11.165393
  285    7.831354   15.310825   15.025978    6.831997     0.650626    10.321232
  286    9.338634   14.429562   12.526814    6.888811     0.655682    10.672924
  287    9.329293   12.608786   14.785070    6.812312     0.497948     9.979847
  288   10.908343   11.667191   12.704444    6.841313     0.505431    11.008024
  289   10.881977    9.856448   14.816420    6.912198     0.466274    10.555274
  290   12.485773    8.942261   12.602130    6.947760     0.599279    11.338348
  291    7.884562   15.531972   10.424067    6.810164     0.599280    22.406956
  292    1.248281   15.276465   10.423488    6.818871     0.650770    17.874684
  293    4.710422    9.669001   10.495664    6.791340     0.657254    19.068776
  294    5.748786    9.016579   17.211287    6.698669     0.612851    17.264565
  295    9.011562   14.684407   17.179965    6.816576     0.463999    16.423924
  296   20.134051    0.844854   12.565436    6.861183     0.628303    10.886352
  297   18.585604    1.713938   15.070964    6.841906     0.605914    10.408212
  298   21.674040    1.745249   14.813858    6.842786     0.469271     9.938117
  299   23.310611    0.886909   12.718383    6.866066     0.519044    10.809176
  300   20.227773    4.468324   14.815401    6.818654     0.467952    10.478852
  301   18.645481    3.495289   12.735408    6.902020     0.470561    10.947188
  302   17.131336    4.466259   14.837797    6.786225     0.511323     9.908705
  303   21.739859    3.581641   12.685849    6.873765     0.486266    11.567111
  304   15.613447    7.112209   15.037218    6.891299     0.639630    10.482372
  305   17.050467    6.304054   12.701965    6.951440     0.502849    10.892134
  306   18.674437    7.140972   14.829037    6.839544     0.519556     9.851137
  307   20.271360    6.323234   12.717337    6.987930     0.517994    11.190532
  308   21.801617    7.245084   15.025978    6.827499     0.650626    10.300870
  309   23.308898    6.363821   12.526814    6.884577     0.655682    10.665131
  310   23.299584    4.543045   14.785070    6.814255     0.497948    10.004735
  311   24.878607    3.601450   12.704444    6.841501     0.505431    10.998220
  312   24.852268    1.790707   14.816420    6.905493     0.466274    10.496952
  313   26.456037    0.876520   12.602130    6.971561     0.599279    11.375302
  314   21.854825    7.466231   10.424067    6.803751     0.599284    22.250593
  315   15.218573    7.210724   10.423488    6.789199     0.650771    17.778654
  316   18.680686    1.603260   10.495664    6.797849     0.657254    18.974757
  317   19.719050    0.950838   17.211287    6.718542     0.612854    16.916645
  318   22.981826    6.618666   17.179965    6.811880     0.464000    16.419148
  319   15.477293    8.910595   12.565436    6.862788     0.628303    10.888615
  320   13.928847    9.779679   15.070964    6.842854     0.605914    10.412989
  321   17.017283    9.810990   14.813858    6.842935     0.469271     9.954960
  322   18.653854    8.952650   12.718383    6.861308     0.519044    10.796858
  323   15.571015   12.534065   14.815401    6.819072     0.467952    10.490919
  324   13.988723   11.561030   12.735408    6.906965     0.470561    10.987159
  325   12.474579   12.532000   14.837797    6.785018     0.511323     9.903426
  326   17.083102   11.647382   12.685849    6.875037     0.486266    11.577669
  327   10.956690   15.177950   15.037218    6.888573     0.639630    10.486897
  328   12.393709   14.369795   12.701965    6.954288     0.502849    10.903949
  329   14.017679   15.206713   14.829037    6.842731     0.519556     9.886583
  330   15.614602   14.388975   12.717337    6.984609     0.517994    11.172934
  331   17.144860   15.310825   15.025978    6.805136     0.650626    10.303132
  332   18.652140   14.429562   12.526814    6.911281     0.655682    10.702839
  333   18.642827   12.608786   14.785070    6.809836     0.497948     9.983618
  334   20.221849   11.667191   12.704444    6.840454     0.505431    11.008527
  335   20.195511    9.856448   14.816420    6.911790     0.466274    10.551755
  336   21.799279    8.942261   12.602130    6.947209     0.599279    11.334828
  337   17.198068   15.531972   10.424067    6.869618     0.599284    22.476339
  338   10.561815   15.276465   10.423488    6.788206     0.650771    17.771363
  339   14.023928    9.669001   10.495664    6.790261     0.657254    18.989841
  340   15.062292    9.016579   17.211287    6.716015     0.612854    16.864105
  341   18.325068   14.684407   17.179965    6.777856     0.464000    16.346246
  342   22.062219    8.903368   17.059717    6.617022     0.607687    17.432995
  343   26.718976    0.837627   17.059717    6.575716     0.607687    17.419672
  344    8.091964    0.837627   17.059717    6.613052     0.607686    17.675333
  345   12.748713    8.903368   17.059717    6.593554     0.607687    17.409868
  346   17.405470    0.837627   17.059717    6.609520     0.607687    17.511428
  347    3.504741    8.741650   17.034952    6.358038     0.745164    58.264672
 --------------------------------------------------------------------------------
    VACUUM CHARGE:               0.0000
    VACUUM VOLUME:               0.0000
    NUMBER OF ELECTRONS:      1547.0000
