    #         X           Y           Z       CHARGE      MIN DIST   ATOMIC VOL
 --------------------------------------------------------------------------------
    1   -4.595735    8.035252   16.001292    7.633029     0.789485     8.911449
    2   -1.581006    8.034333   13.788462    7.688473     0.871572     9.278727
    3    1.537997    2.620301   13.760033    7.775358     0.833674     9.920771
    4   -3.085689    5.427663   13.775349    7.673155     0.862762     9.193506
    5    0.040030    5.364008   13.681823    7.854527     0.868335    11.338348
    6    3.162004    5.431115   13.729427    7.843990     0.842761    10.387850
    7   -9.252493   16.100993   16.001292    7.633575     0.789485     8.953179
    8    4.636622    8.088793   11.519600    7.410069     0.773971     7.779198
    9   -6.237764   16.100074   13.788462    7.689682     0.863116     9.260627
   10   -3.023698   16.120916   13.816837    7.874295     0.869018    10.896408
   11   -3.118761   10.686042   13.760033    7.764752     0.831632     9.868985
   12   -0.000335   10.762586   13.768297    7.726338     0.846092    10.028868
   13   -7.742446   13.493404   13.775349    7.665660     0.862762     9.138955
   14   -4.616728   13.429749   13.681823    7.907712     0.868335    11.834839
   15   -1.494754   13.496856   13.729427    7.837112     0.824520    10.443658
   16    4.717771    8.035252   16.001292    7.676377     0.747110     8.907678
   17   18.606913    0.023052   11.519600    7.394404     0.773961     7.711575
   18   10.946594    8.055175   13.816837    7.879080     0.878865    10.884592
   19    7.820335    2.641950   13.827112    7.753679     0.844245     9.830272
   20   10.851503    2.620301   13.760033    7.841770     0.833681    10.578402
   21   13.969928    2.696845   13.768297    7.741824     0.846086    10.014539
   22    6.227845    5.427663   13.775349    7.694973     0.864221     9.333781
   23    9.353536    5.364008   13.681823    7.833590     0.868334    11.229245
   24   12.475510    5.431115   13.729427    7.842328     0.813359    10.455222
   25    0.061013   16.100993   16.001292    7.614824     0.789480     8.855641
   26    3.075770   16.100074   13.788462    7.680043     0.873638     9.236494
   27    6.289836   16.120916   13.816837    7.876255     0.869024    10.790573
   28    3.163578   10.707691   13.827112    7.772609     0.844245     9.924542
   29    6.194745   10.686042   13.760033    7.804785     0.833681    10.141239
   30    9.313171   10.762586   13.768297    7.733068     0.844748    10.014036
   31    1.571088   13.493404   13.775349    7.699763     0.864221     9.409448
   32    7.818752   13.496856   13.729427    7.823404     0.813359    10.302630
   33   14.031277    8.035252   16.001292    7.616693     0.789474     8.895109
   34   27.920419    0.023052   11.519600    7.390421     0.773966     7.729926
   35   17.046034    8.034333   13.788462    7.677136     0.863122     9.190741
   36   20.260100    8.055175   13.816837    7.880771     0.878865    10.929088
   37   20.165037    2.620301   13.760033    7.769647     0.833667     9.917755
   38   23.283462    2.696845   13.768297    7.716998     0.846648     9.891108
   39   15.541351    5.427663   13.775349    7.683594     0.860961     9.308390
   40   18.667070    5.364008   13.681823    7.861456     0.883967    11.428344
   41   21.789044    5.431115   13.729427    7.837350     0.813372    10.417765
   42    9.374519   16.100993   16.001292    7.639773     0.789474     8.982089
   43   23.263662    8.088793   11.519600    7.386820     0.773966     7.718111
   44   12.389276   16.100074   13.788462    7.687027     0.873632     9.219399
   45   15.603342   16.120916   13.816837    7.871258     0.878865    10.800126
   46   12.477084   10.707691   13.827112    7.773916     0.844245     9.921274
   47   15.508279   10.686042   13.760033    7.768207     0.830729    10.033393
   48   18.626705   10.762586   13.768297    7.732770     0.844735     9.963507
   49   14.010312   13.429749   13.681823    7.914841     0.868337    11.846402
   50   17.132286   13.496856   13.729427    7.837546     0.813372    10.445418
   51    7.732528    8.034333   13.788462    0.910879     0.555966     7.341532
   52   -6.149956   10.707691   13.827112    0.905067     0.555715     7.353347
   53   17.133841    2.641950   13.827112    0.893649     0.555708     7.264858
   54   -1.493199    2.641950   13.827112    0.901808     0.555715     7.343040
   55    9.293380    0.023052   11.519600    0.668407     0.529010     4.789191
   56   13.950156    8.088793   11.519600    0.659454     0.529956     4.729360
   57   10.884594   13.493404   13.775349    0.891157     0.554376     7.104724
   58    1.633060    8.055175   13.816837    0.883447     0.566282     7.137907
   59    4.696778   13.429749   13.681823    1.052456     0.591384     8.823715
   60    4.656422    2.696845   13.768297    0.866176     0.554387     7.237708
   61    2.018108    1.099006   11.772326    0.717757     0.114158    10.337321
   62    0.177441    2.264586   15.848840    0.726039     0.090688    10.840097
   63    2.843947    1.655348   15.762918    0.642422     0.101240    15.948047
   64    4.707451    0.843225   11.750122    0.668384     0.136925    24.608108
   65    1.607513    4.474244   15.784515    0.703101     0.124624    26.185567
   66   -0.011800    3.205713   11.800232    0.635121     0.092510    14.723537
   67   -1.428116    4.481116   15.804378    0.777066     0.234246    33.375763
   68    3.104549    3.575737   11.716404    0.715985     0.206925    26.641836
   69   -2.514034    6.795597   15.810025    0.776215     0.102558    14.470641
   70   -1.794286    6.442801   11.761307    0.653716     0.127099    20.447639
   71    0.062475    7.071832   15.795535    0.727725     0.141443    27.993549
   72    1.869157    6.504714   11.782299    0.571331     0.092845    13.765749
   73    2.828049    6.772432   15.810190    0.688117     0.123126     9.970546
   74    4.791329    5.786524   11.745963    0.683314     0.108337    10.024343
   75    4.638699    4.732090   15.740246    0.737725     0.131139    17.756280
   76    6.321586    3.628987   11.738056    0.717162     0.207785    24.704641
   77    6.243622    1.768043   15.785094    0.628955     0.176989    20.652017
   78    7.322779    1.191745   11.828029    0.635397     0.085264     8.671374
   79    3.668557    6.825811    9.832499    0.620351     0.113679   193.367809
   80   -3.363622    7.771180    9.624841    0.622840     0.126517   257.760312
   81   -0.540622    1.396277    9.747320    0.617173     0.118892   215.834093
   82    1.232858    0.463990   18.042166    0.663118     0.087808   252.029423
   83    4.556898    6.848459   18.103460    0.593906     0.126641   318.239963
   84   -2.638649    9.164747   11.772326    0.708290     0.114158    10.165623
   85   -4.479316   10.330327   15.848840    0.727458     0.090688    10.841102
   86   -1.812810    9.721089   15.762918    0.662778     0.101240    16.488782
   87    0.050694    8.908966   11.750122    0.693735     0.136925    26.133027
   88   -3.049245   12.539985   15.784515    0.713858     0.124624    26.221013
   89   -4.668558   11.271454   11.800232    0.640567     0.092510    14.635802
   90   -6.084873   12.546857   15.804378    0.779396     0.234246    33.627905
   91   -1.552209   11.641478   11.716404    0.752050     0.206925    26.869091
   92   -7.170792   14.861338   15.810025    0.771707     0.102558    14.476171
   93   -6.451043   14.508542   11.761307    0.651675     0.127099    20.289013
   94   -4.594282   15.137573   15.795535    0.749090     0.157260    25.129990
   95   -2.787600   14.570455   11.782299    0.592796     0.092845    13.906778
   96   -1.828708   14.838173   15.810190    0.699702     0.123126     9.524333
   97    0.134571   13.852265   11.745963    0.672469     0.108337     9.849629
   98   -0.018059   12.797831   15.740246    0.756225     0.131139    17.394784
   99    1.664828   11.694728   11.738056    0.741958     0.207785    24.890165
  100    1.586865    9.833784   15.785094    0.642631     0.176989    24.833603
  101    2.666022    9.257486   11.828029    0.644612     0.085264     8.866702
  102   -0.988201   14.891552    9.832499    0.616125     0.113679   193.704921
  103   -8.020380   15.836921    9.624841    0.625412     0.126517   257.888772
  104   -5.197379    9.462018    9.747320    0.616708     0.118892   218.675782
  105   -3.423900    8.529731   18.042166    0.668291     0.088994   268.686887
  106   -0.099859   14.914200   18.103460    0.607448     0.131808   265.250917
  107   11.331614    1.099006   11.772326    0.692276     0.114153    10.001467
  108    9.490947    2.264586   15.848840    0.743895     0.090683    11.244077
  109   12.157453    1.655348   15.762918    0.650494     0.101244    15.974694
  110   14.020957    0.843225   11.750122    0.699389     0.136922    25.411293
  111   10.921047    4.474244   15.784515    0.719841     0.159512    25.836389
  112    9.301734    3.205713   11.800232    0.657629     0.108239    14.962355
  113    7.885390    4.481116   15.804378    0.804653     0.234247    33.303615
  114   12.418083    3.575737   11.716404    0.752271     0.206914    27.083273
  115    6.799472    6.795597   15.810025    0.756936     0.102554    14.373856
  116    7.519220    6.442801   11.761307    0.634935     0.127106    20.228931
  117    9.375981    7.071832   15.795535    0.728146     0.141439    24.587494
  118   11.182663    6.504714   11.782299    0.606572     0.092838    14.080989
  119   12.141555    6.772432   15.810190    0.707086     0.123133     9.433582
  120   14.104863    5.786524   11.745963    0.675710     0.108337     9.900409
  121   13.952205    4.732090   15.740246    0.773262     0.131140    17.782676
  122   15.635092    3.628987   11.738056    0.733476     0.204041    24.715451
  123   15.557156    1.768043   15.785094    0.632752     0.176992    20.547943
  124   16.636313    1.191745   11.828029    0.638192     0.085251     8.729947
  125   12.982063    6.825811    9.832499    0.624607     0.113673   193.971894
  126    5.949884    7.771180    9.624841    0.600124     0.126513   256.122772
  127    8.772884    1.396277    9.747320    0.596392     0.118897   217.238346
  128   10.546364    0.463990   18.042166    0.670667     0.087801   254.337164
  129   13.870404    6.848459   18.103460    0.617657     0.142806   255.175291
  130    6.674857    9.164747   11.772326    0.689952     0.114153    10.571866
  131    4.834190   10.330327   15.848840    0.754341     0.090683    11.480633
  132    7.500696    9.721089   15.762918    0.644673     0.101244    16.356301
  133    9.364200    8.908966   11.750122    0.667550     0.136922    25.203395
  134    6.264289   12.539985   15.784515    0.687297     0.124641    27.103887
  135    4.644976   11.271454   11.800232    0.633333     0.092521    14.655411
  136    3.228633   12.546857   15.804378    0.772827     0.234247    32.895864
  137    7.761325   11.641478   11.716404    0.741206     0.206914    26.935206
  138    2.142714   14.861338   15.810025    0.782854     0.102554    14.640830
  139    2.862463   14.508542   11.761307    0.620299     0.127106    19.958689
  140    4.719224   15.137573   15.795535    0.717073     0.141439    25.428387
  141    6.525906   14.570455   11.782299    0.581288     0.092838    14.792417
  142    7.484798   14.838173   15.810190    0.712190     0.123133     9.554248
  143    9.448105   13.852265   11.745963    0.665202     0.108337    10.074118
  144    9.295447   12.797831   15.740246    0.750512     0.131140    17.704494
  145   10.978334   11.694728   11.738056    0.719690     0.207785    24.922846
  146   10.900399    9.833784   15.785094    0.659539     0.176992    22.123139
  147   11.979556    9.257486   11.828029    0.633826     0.085251     8.629895
  148    8.325305   14.891552    9.832499    0.609425     0.113673   194.578242
  149    1.293126   15.836921    9.624841    0.601621     0.126513   254.854268
  150    4.116127    9.462018    9.747320    0.626296     0.118897   217.782349
  151    5.889606    8.529731   18.042166    0.666340     0.088994   278.960355
  152    9.213647   14.914200   18.103460    0.624025     0.142806   254.166974
  153   20.645148    1.099006   11.772326    0.701846     0.114162    10.146015
  154   18.804453    2.264586   15.848840    0.720518     0.090679    10.811187
  155   21.470987    1.655348   15.762918    0.664244     0.101235    16.222563
  156   23.334463    0.843225   11.750122    0.697025     0.154997    25.317525
  157   20.234553    4.474244   15.784515    0.713160     0.124632    25.840663
  158   18.615240    3.205713   11.800232    0.638626     0.092515    14.596837
  159   17.198924    4.481116   15.804378    0.782818     0.234245    33.180184
  160   21.731589    3.575737   11.716404    0.755212     0.206919    27.319075
  161   16.113006    6.795597   15.810025    0.770783     0.102562    14.377124
  162   16.832726    6.442801   11.761307    0.649489     0.127113    20.190972
  163   18.689487    7.071832   15.795535    0.749866     0.157245    24.582718
  164   20.496197    6.504714   11.782299    0.610393     0.092852    14.116435
  165   21.455061    6.772432   15.810190    0.705373     0.123141     9.407186
  166   23.418369    5.786524   11.745963    0.674661     0.108337     9.911470
  167   23.265739    4.732090   15.740246    0.771981     0.131137    17.892281
  168   24.948626    3.628987   11.738056    0.741492     0.204051    24.780309
  169   24.870662    1.768043   15.785094    0.632012     0.176991    20.595455
  170   25.949819    1.191745   11.828029    0.638247     0.085257     8.737489
  171   22.295569    6.825811    9.832499    0.603207     0.113664   192.930897
  172   15.263390    7.771180    9.624841    0.597046     0.126508   256.247711
  173   18.086390    1.396277    9.747320    0.626324     0.118903   215.313469
  174   19.859898    0.463990   18.042166    0.668581     0.087815   252.212182
  175   23.183938    6.848459   18.103460    0.632715     0.142815   256.085818
  176   15.988391    9.164747   11.772326    0.694288     0.114162     9.981356
  177   14.147696   10.330327   15.848840    0.734356     0.090679    10.823757
  178   16.814230    9.721089   15.762918    0.661136     0.101235    16.402556
  179   18.677706    8.908966   11.750122    0.703158     0.154997    25.460816
  180   15.577795   12.539985   15.784515    0.712870     0.124632    25.619693
  181   13.958482   11.271454   11.800232    0.663300     0.108237    14.730576
  182   12.542167   12.546857   15.804378    0.776384     0.234245    33.525088
  183   17.074831   11.641478   11.716404    0.756275     0.206919    27.278099
  184   11.456248   14.861338   15.810025    0.760378     0.102562    14.521421
  185   12.175969   14.508542   11.761307    0.631591     0.127113    20.180162
  186   14.032730   15.137573   15.795535    0.747116     0.157245    25.013597
  187   15.839440   14.570455   11.782299    0.609666     0.092852    13.931162
  188   16.798304   14.838173   15.810190    0.706887     0.123141     9.509501
  189   18.761611   13.852265   11.745963    0.656799     0.108337     9.912224
  190   18.608981   12.797831   15.740246    0.770660     0.131137    17.711785
  191   20.291868   11.694728   11.738056    0.742439     0.204051    25.192836
  192   20.213905    9.833784   15.785094    0.636281     0.176991    21.190741
  193   21.293062    9.257486   11.828029    0.635841     0.085257     8.696764
  194   17.638811   14.891552    9.832499    0.603174     0.113664   192.404240
  195   10.606632   15.836921    9.624841    0.613960     0.126508   259.752813
  196   13.429633    9.462018    9.747320    0.607600     0.118903   217.371581
  197   15.203140    8.529731   18.042166    0.665362     0.088994   253.153881
  198   18.527181   14.914200   18.103460    0.633053     0.142815   256.142129
  199   21.967444    8.296841   17.820734    0.698236     0.124142   165.395880
  200   26.624202    0.231100   17.820734    0.703247     0.124142   165.221165
  201    7.997162    0.231100   17.820734    0.712208     0.124141   164.211089
  202   12.653910    8.296841   17.820734    0.721104     0.124140   165.032624
  203   17.310668    0.231100   17.820734    0.712819     0.124140   164.325973
  204    1.507011    0.844854   12.565436    6.923732     0.628303    10.916267
  205   -0.041436    1.713938   15.070964    6.916957     0.605913    10.549995
  206    3.047028    1.745249   14.813858    7.014526     0.469271    10.875040
  207    4.683571    0.886909   12.718383    6.925381     0.519044    11.286059
  208    1.600761    4.468324   14.815401    6.845268     0.467952    10.513293
  209    0.018441    3.495289   12.735408    7.035720     0.470561    11.542726
  210   -1.495704    4.466259   14.837797    6.855443     0.511323    10.232492
  211    3.112819    3.581641   12.685849    6.881871     0.486266    11.442422
  212   -3.013593    7.112209   15.037218    6.896500     0.639630    10.546979
  213   -1.576573    6.304054   12.701965    6.973049     0.502850    10.939898
  214    0.047425    7.140972   14.829037    6.927183     0.519555    10.357181
  215    1.644348    6.323234   12.717337    7.092103     0.517993    11.720960
  216    3.174605    7.245084   15.025978    6.943842     0.650626    10.674432
  217    4.681858    6.363821   12.526814    6.953014     0.655682    10.685242
  218    4.672544    4.543045   14.785070    6.922492     0.497948    10.649042
  219    6.251567    3.601450   12.704444    6.938452     0.505431    11.705877
  220    6.225228    1.790707   14.816420    6.987675     0.466274    10.990930
  221    7.829025    0.876520   12.602130    7.087685     0.599279    11.731518
  222    3.227785    7.466231   10.424067    6.906070     0.599287    21.345094
  223   -3.408467    7.210724   10.423488    6.869036     0.650771    18.084844
  224    0.053674    1.603260   10.495664    6.874727     0.657254    19.321421
  225    1.092010    0.950838   17.211287    6.765127     0.612858    17.102169
  226    4.354814    6.618666   17.179965    6.823460     0.463999    17.824658
  227   -3.149747    8.910595   12.565436    6.930806     0.628303    11.026124
  228   -4.698193    9.779679   15.070964    6.909558     0.605913    10.476087
  229   -1.609729    9.810990   14.813858    6.938574     0.469271    10.314445
  230    0.026814    8.952650   12.718383    6.944318     0.519044    11.052771
  231   -3.055997   12.534065   14.815401    6.820811     0.467952    10.404442
  232   -4.638317   11.561030   12.735408    7.043070     0.470561    11.595266
  233   -6.152461   12.532000   14.837797    6.826733     0.511323     9.970295
  234   -1.543938   11.647382   12.685849    6.840386     0.486266    11.233267
  235   -7.670350   15.177950   15.037218    6.901723     0.639630    10.576391
  236   -6.233331   14.369795   12.701965    6.971120     0.502850    11.070117
  237   -4.609333   15.206713   14.829037    6.858048     0.519555     9.918257
  238   -3.012410   14.388975   12.717337    6.984012     0.517993    11.080675
  239   -1.482153   15.310825   15.025978    6.860043     0.650626    10.365476
  240    0.025100   14.429562   12.526814    7.055402     0.655682    11.401949
  241    0.015787   12.608786   14.785070    6.833166     0.497948    10.070096
  242    1.594809   11.667191   12.704444    6.864661     0.505431    11.218938
  243    1.568471    9.856448   14.816420    7.003710     0.466274    10.826773
  244    3.172267    8.942261   12.602130    7.093255     0.599279    11.828051
  245   -1.428972   15.531972   10.424067    7.056192     0.599287    23.001991
  246   -8.065225   15.276465   10.423488    6.854755     0.650771    17.793988
  247   -4.603084    9.669001   10.495664    6.858890     0.657254    19.457925
  248   -3.564748    9.016579   17.211287    6.745844     0.612858    17.131079
  249   -0.301944   14.684407   17.179965    6.850067     0.463999    16.125276
  250   10.820517    0.844854   12.565436    7.018180     0.628303    11.527643
  251    9.272070    1.713938   15.070964    6.827481     0.605913    10.326511
  252   12.360534    1.745249   14.813858    6.809462     0.469271     9.489893
  253   13.997077    0.886909   12.718383    6.887792     0.519044    10.871520
  254   10.914267    4.468324   14.815401    6.810062     0.467952    10.415251
  255    9.331947    3.495289   12.735408    6.953988     0.470561    10.938138
  256    7.817830    4.466259   14.837797    6.799153     0.511323     9.903174
  257   12.426325    3.581641   12.685849    6.888546     0.486266    11.548005
  258    6.299941    7.112209   15.037218    6.956979     0.639630    10.644768
  259    7.736933    6.304054   12.701965    7.050332     0.502850    11.425328
  260    9.360931    7.140972   14.829037    6.869992     0.519555     9.958228
  261   10.957854    6.323234   12.717337    7.004038     0.517994    11.220447
  262   12.488111    7.245084   15.025978    6.842006     0.650626    10.282770
  263   13.995392    6.363821   12.526814    7.039442     0.655682    11.277009
  264   13.986050    4.543045   14.785070    6.826742     0.497948    10.017807
  265   15.565101    3.601450   12.704444    6.897727     0.505431    11.098021
  266   15.538734    1.790707   14.816420    6.994099     0.466274    10.908474
  267   17.142531    0.876520   12.602130    7.085462     0.599279    11.741071
  268   12.541319    7.466231   10.424067    7.043894     0.599280    22.842108
  269    5.905039    7.210724   10.423488    6.918228     0.650770    18.258302
  270    9.367180    1.603260   10.495664    7.064944     0.657254    20.324962
  271   10.405544    0.950838   17.211287    6.733363     0.612851    17.662010
  272   13.668320    6.618666   17.179965    6.829340     0.463999    16.187117
  273    6.163759    8.910595   12.565436    6.964427     0.628303    11.151064
  274    4.615313    9.779679   15.070964    6.848148     0.605913    10.323243
  275    7.703777    9.810990   14.813858    6.957292     0.469271    10.419525
  276    9.340320    8.952650   12.718383    6.931341     0.519044    11.330303
  277    6.257509   12.534065   14.815401    6.889283     0.467952    10.824762
  278    4.675189   11.561030   12.735408    7.028796     0.470561    11.670431
  279    3.161073   12.532000   14.837797    6.846647     0.511323    10.223694
  280    7.769568   11.647382   12.685849    6.855762     0.486266    11.422311
  281    1.643184   15.177950   15.037218    6.895179     0.639630    10.489159
  282    3.080175   14.369795   12.701965    7.009710     0.502850    11.726239
  283    4.704173   15.206713   14.829037    6.911941     0.519555    10.226710
  284    6.301096   14.388975   12.717337    7.041907     0.517994    11.595015
  285    7.831354   15.310825   15.025978    6.877139     0.650626    10.420279
  286    9.338634   14.429562   12.526814    7.025991     0.655682    11.169415
  287    9.329293   12.608786   14.785070    6.884593     0.497948    10.301875
  288   10.908343   11.667191   12.704444    6.905076     0.505431    11.278015
  289   10.881977    9.856448   14.816420    6.924992     0.466274    10.556531
  290   12.485773    8.942261   12.602130    7.086658     0.599279    11.840369
  291    7.884562   15.531972   10.424067    6.900471     0.599280    22.315954
  292    1.248281   15.276465   10.423488    7.055095     0.650770    18.804568
  293    4.710422    9.669001   10.495664    6.900491     0.657254    19.345052
  294    5.748786    9.016579   17.211287    6.746170     0.612851    17.048372
  295    9.011562   14.684407   17.179965    6.859811     0.463999    16.017179
  296   20.134051    0.844854   12.565436    6.931657     0.628303    10.924312
  297   18.585604    1.713938   15.070964    6.921184     0.605914    10.658846
  298   21.674040    1.745249   14.813858    6.917653     0.469271    10.211878
  299   23.310611    0.886909   12.718383    6.878050     0.519044    10.965539
  300   20.227773    4.468324   14.815401    6.821025     0.467952    10.465026
  301   18.645481    3.495289   12.735408    7.049678     0.470561    11.663644
  302   17.131336    4.466259   14.837797    6.851791     0.511323    10.213135
  303   21.739859    3.581641   12.685849    6.840964     0.486266    11.239301
  304   15.613447    7.112209   15.037218    6.888067     0.639630    10.423296
  305   17.050467    6.304054   12.701965    6.967150     0.502849    11.045732
  306   18.674437    7.140972   14.829037    6.845034     0.519556     9.850634
  307   20.271360    6.323234   12.717337    6.996194     0.517994    11.086206
  308   21.801617    7.245084   15.025978    6.857437     0.650626    10.254866
  309   23.308898    6.363821   12.526814    6.919093     0.655682    10.659600
  310   23.299584    4.543045   14.785070    6.820140     0.497948    10.000210
  311   24.878607    3.601450   12.704444    6.882252     0.505431    11.027381
  312   24.852268    1.790707   14.816420    6.987755     0.466274    10.852163
  313   26.456037    0.876520   12.602130    7.078755     0.599279    11.879083
  314   21.854825    7.466231   10.424067    6.882288     0.599284    22.122636
  315   15.218573    7.210724   10.423488    7.022949     0.650771    18.409386
  316   18.680686    1.603260   10.495664    6.886384     0.657254    19.398849
  317   19.719050    0.950838   17.211287    6.757674     0.612854    17.301268
  318   22.981826    6.618666   17.179965    6.846945     0.464000    16.101645
  319   15.477293    8.910595   12.565436    7.011244     0.628303    11.477868
  320   13.928847    9.779679   15.070964    6.812367     0.605914    10.152802
  321   17.017283    9.810990   14.813858    6.883175     0.469271    10.069090
  322   18.653854    8.952650   12.718383    6.871948     0.519044    10.807165
  323   15.571015   12.534065   14.815401    6.808548     0.467952    10.398911
  324   13.988723   11.561030   12.735408    6.960884     0.470561    11.179470
  325   12.474579   12.532000   14.837797    6.817882     0.511323     9.973311
  326   17.083102   11.647382   12.685849    6.842806     0.486266    11.142768
  327   10.956690   15.177950   15.037218    6.956663     0.639630    10.843616
  328   12.393709   14.369795   12.701965    7.035057     0.502849    11.534933
  329   14.017679   15.206713   14.829037    6.852376     0.519556     9.897895
  330   15.614602   14.388975   12.717337    6.962215     0.517994    10.902441
  331   17.144860   15.310825   15.025978    6.864058     0.650626    10.373018
  332   18.652140   14.429562   12.526814    6.944920     0.655682    10.755630
  333   18.642827   12.608786   14.785070    6.822322     0.497948    10.006495
  334   20.221849   11.667191   12.704444    6.883630     0.505431    10.998471
  335   20.195511    9.856448   14.816420    6.988035     0.466274    10.882079
  336   21.799279    8.942261   12.602130    7.072623     0.599279    11.875312
  337   17.198068   15.531972   10.424067    6.895054     0.599284    22.497204
  338   10.561815   15.276465   10.423488    6.898255     0.650771    17.935268
  339   14.023928    9.669001   10.495664    7.046557     0.657254    20.583388
  340   15.062292    9.016579   17.211287    6.723982     0.612854    16.939521
  341   18.325068   14.684407   17.179965    6.845511     0.464000    16.071227
  342   22.062219    8.903368   17.059717    6.609957     0.607687    17.419923
  343   26.718976    0.837627   17.059717    6.646177     0.607687    17.612486
  344    8.091964    0.837627   17.059717    6.617865     0.607686    17.694187
  345   12.748713    8.903368   17.059717    6.626635     0.607687    17.519976
  346   17.405470    0.837627   17.059717    6.649170     0.607687    17.574275
  347    3.504741    8.741650   17.034952    6.426088     0.745164    57.085160
 --------------------------------------------------------------------------------
    VACUUM CHARGE:               0.0000
    VACUUM VOLUME:               0.0000
    NUMBER OF ELECTRONS:      1487.0000
