    #         X           Y           Z       CHARGE      MIN DIST   ATOMIC VOL
 --------------------------------------------------------------------------------
    1   -4.595735    8.035252   16.001292    7.632820     0.789485     8.918488
    2   -1.581006    8.034333   13.788462    7.687962     0.871572     9.286520
    3    1.537997    2.620301   13.760033    7.776932     0.833674     9.931330
    4   -3.085689    5.427663   13.775349    7.672712     0.862762     9.188227
    5    0.040030    5.364008   13.681823    7.852911     0.868335    11.334325
    6    3.162004    5.431115   13.729427    7.842960     0.842761    10.387599
    7   -9.252493   16.100993   16.001292    7.635810     0.789485     8.930303
    8    4.636622    8.088793   11.519600    7.411120     0.773971     7.775679
    9   -6.237764   16.100074   13.788462    7.689790     0.863116     9.264398
   10   -3.023698   16.120916   13.816837    7.874179     0.869018    10.890877
   11   -3.118761   10.686042   13.760033    7.764506     0.831632     9.865466
   12   -0.000335   10.762586   13.768297    7.719772     0.844742    10.013785
   13   -7.742446   13.493404   13.775349    7.664979     0.862762     9.138452
   14   -4.616728   13.429749   13.681823    7.917147     0.883974    11.916288
   15   -1.494754   13.496856   13.729427    7.835682     0.824520    10.442653
   16    4.717771    8.035252   16.001292    7.645947     0.789480     8.922259
   17   18.606913    0.023052   11.519600    7.394073     0.773961     7.713586
   18   10.946594    8.055175   13.816837    7.880024     0.878865    10.890626
   19    7.820335    2.641950   13.827112    7.752639     0.844245     9.828261
   20   10.851503    2.620301   13.760033    7.839737     0.833681    10.572369
   21   13.969928    2.696845   13.768297    7.740716     0.846635    10.013785
   22    6.227845    5.427663   13.775349    7.696552     0.864221     9.311407
   23    9.353536    5.364008   13.681823    7.831856     0.868334    11.215168
   24   12.475510    5.431115   13.729427    7.844335     0.813359    10.485640
   25    0.061013   16.100993   16.001292    7.623868     0.789480     8.873238
   26    3.075770   16.100074   13.788462    7.679221     0.873638     9.233980
   27    6.289836   16.120916   13.816837    7.876230     0.869024    10.798618
   28    3.163578   10.707691   13.827112    7.769161     0.844245     9.903928
   29    6.194745   10.686042   13.760033    7.805400     0.830718    10.151294
   30    9.313171   10.762586   13.768297    7.732779     0.844748    10.012528
   31    1.571088   13.493404   13.775349    7.698185     0.864221     9.376517
   32    7.818752   13.496856   13.729427    7.823422     0.813359    10.311679
   33   14.031277    8.035252   16.001292    7.618803     0.789474     8.902902
   34   27.920419    0.023052   11.519600    7.388405     0.773966     7.718613
   35   17.046034    8.034333   13.788462    7.673704     0.873632     9.176915
   36   20.260100    8.055175   13.816837    7.882695     0.878865    10.953221
   37   20.165037    2.620301   13.760033    7.768544     0.833667     9.903174
   38   23.283462    2.696845   13.768297    7.718248     0.846648     9.900409
   39   15.541351    5.427663   13.775349    7.683914     0.860961     9.305877
   40   18.667070    5.364008   13.681823    7.861290     0.883967    11.430104
   41   21.789044    5.431115   13.729427    7.837311     0.813372    10.411983
   42    9.374519   16.100993   16.001292    7.639476     0.789474     8.979575
   43   23.263662    8.088793   11.519600    7.386507     0.773966     7.711072
   44   12.389276   16.100074   13.788462    7.686761     0.873632     9.217137
   45   15.603342   16.120916   13.816837    7.871385     0.878865    10.808171
   46   12.477084   10.707691   13.827112    7.775824     0.844245     9.933592
   47   15.508279   10.686042   13.760033    7.775224     0.830729    10.056018
   48   18.626705   10.762586   13.768297    7.734274     0.844735     9.973814
   49   14.010312   13.429749   13.681823    7.910276     0.868337    11.825537
   50   17.132286   13.496856   13.729427    7.838048     0.813372    10.444915
   51    7.732528    8.034333   13.788462    0.911539     0.555966     7.348571
   52   -6.149956   10.707691   13.827112    0.905311     0.555715     7.350582
   53   17.133841    2.641950   13.827112    0.893886     0.555708     7.265613
   54   -1.493199    2.641950   13.827112    0.901972     0.555715     7.343794
   55    9.293380    0.023052   11.519600    0.664722     0.529010     4.780141
   56   13.950156    8.088793   11.519600    0.659065     0.529956     4.723578
   57   10.884594   13.493404   13.775349    0.890968     0.554376     7.104976
   58    1.633060    8.055175   13.816837    0.877880     0.566282     7.090898
   59    4.696778   13.429749   13.681823    1.052673     0.591384     8.823212
   60    4.656422    2.696845   13.768297    0.866038     0.554387     7.239468
   61    2.018108    1.099006   11.772326    0.718017     0.114158    10.337321
   62    0.177441    2.264586   15.848840    0.725883     0.090688    10.820489
   63    2.843947    1.655348   15.762918    0.642746     0.101240    16.010140
   64    4.707451    0.843225   11.750122    0.668442     0.136925    24.563864
   65    1.607513    4.474244   15.784515    0.703596     0.124624    26.147608
   66   -0.011800    3.205713   11.800232    0.634894     0.092510    14.720269
   67   -1.428116    4.481116   15.804378    0.779200     0.234246    33.125884
   68    3.104549    3.575737   11.716404    0.716219     0.206925    26.632032
   69   -2.514034    6.795597   15.810025    0.777041     0.102558    14.536756
   70   -1.794286    6.442801   11.761307    0.653763     0.127099    20.450404
   71    0.062475    7.071832   15.795535    0.730143     0.141443    25.119180
   72    1.869157    6.504714   11.782299    0.571893     0.092845    13.774045
   73    2.828049    6.772432   15.810190    0.696328     0.123126     9.369729
   74    4.791329    5.786524   11.745963    0.685294     0.108337    10.056018
   75    4.638699    4.732090   15.740246    0.744446     0.131139    17.809072
   76    6.321586    3.628987   11.738056    0.717489     0.207785    24.711429
   77    6.243622    1.768043   15.785094    0.630871     0.176989    20.809135
   78    7.322779    1.191745   11.828029    0.633626     0.085264     8.702043
   79    3.668557    6.825811    9.832499    0.622267     0.113679   194.030468
   80   -3.363622    7.771180    9.624841    0.622166     0.126517   258.047649
   81   -0.540622    1.396277    9.747320    0.616488     0.118892   215.854455
   82    1.232858    0.463990   18.042166    0.664651     0.087808   252.371813
   83    4.556898    6.848459   18.103460    0.617636     0.142811   256.409102
   84   -2.638649    9.164747   11.772326    0.709357     0.114158    10.178695
   85   -4.479316   10.330327   15.848840    0.727215     0.090688    10.816466
   86   -1.812810    9.721089   15.762918    0.665857     0.101240    16.336693
   87    0.050694    8.908966   11.750122    0.695136     0.136925    26.134033
   88   -3.049245   12.539985   15.784515    0.715318     0.124624    26.316540
   89   -4.668558   11.271454   11.800232    0.639380     0.092510    14.628009
   90   -6.084873   12.546857   15.804378    0.779342     0.234246    33.642486
   91   -1.552209   11.641478   11.716404    0.751437     0.206925    26.854259
   92   -7.170792   14.861338   15.810025    0.771791     0.102558    14.477177
   93   -6.451043   14.508542   11.761307    0.653406     0.127099    20.295298
   94   -4.594282   15.137573   15.795535    0.748654     0.157260    25.144319
   95   -2.787600   14.570455   11.782299    0.590431     0.092845    13.890186
   96   -1.828708   14.838173   15.810190    0.699660     0.123126     9.482602
   97    0.134571   13.852265   11.745963    0.670272     0.108337     9.861695
   98   -0.018059   12.797831   15.740246    0.763304     0.131139    17.866639
   99    1.664828   11.694728   11.738056    0.742337     0.207785    24.882121
  100    1.586865    9.833784   15.785094    0.645564     0.176989    21.440621
  101    2.666022    9.257486   11.828029    0.642064     0.085264     8.928292
  102   -0.988201   14.891552    9.832499    0.627681     0.113679   193.921114
  103   -8.020380   15.836921    9.624841    0.625892     0.126517   257.874694
  104   -5.197379    9.462018    9.747320    0.616298     0.118892   217.906283
  105   -3.423900    8.529731   18.042166    0.665459     0.087808   252.923609
  106   -0.099859   14.914200   18.103460    0.615300     0.142811   254.065665
  107   11.331614    1.099006   11.772326    0.691922     0.114153     9.998450
  108    9.490947    2.264586   15.848840    0.743756     0.090683    11.224469
  109   12.157453    1.655348   15.762918    0.653450     0.101244    15.958103
  110   14.020957    0.843225   11.750122    0.699609     0.136922    25.411795
  111   10.921047    4.474244   15.784515    0.720128     0.159512    25.893706
  112    9.301734    3.205713   11.800232    0.665651     0.108239    14.973416
  113    7.885390    4.481116   15.804378    0.802011     0.234247    33.227696
  114   12.418083    3.575737   11.716404    0.752097     0.206914    27.079251
  115    6.799472    6.795597   15.810025    0.754492     0.102554    14.390699
  116    7.519220    6.442801   11.761307    0.634945     0.127106    20.234965
  117    9.375981    7.071832   15.795535    0.729514     0.141439    24.754919
  118   11.182663    6.504714   11.782299    0.606695     0.092838    14.085514
  119   12.141555    6.772432   15.810190    0.707621     0.123133     9.423777
  120   14.104863    5.786524   11.745963    0.676382     0.108337     9.903174
  121   13.952205    4.732090   15.740246    0.772961     0.131140    17.769604
  122   15.635092    3.628987   11.738056    0.733850     0.204041    24.717462
  123   15.557156    1.768043   15.785094    0.632535     0.176992    20.566043
  124   16.636313    1.191745   11.828029    0.638864     0.085251     8.733969
  125   12.982063    6.825811    9.832499    0.626435     0.113673   194.422884
  126    5.949884    7.771180    9.624841    0.599598     0.126513   256.215031
  127    8.772884    1.396277    9.747320    0.596091     0.118897   217.251921
  128   10.546364    0.463990   18.042166    0.670810     0.087801   254.206945
  129   13.870404    6.848459   18.103460    0.616156     0.142806   255.440002
  130    6.674857    9.164747   11.772326    0.688607     0.114153    10.568095
  131    4.834190   10.330327   15.848840    0.745652     0.090683    10.951462
  132    7.500696    9.721089   15.762918    0.643320     0.101244    16.116477
  133    9.364200    8.908966   11.750122    0.668105     0.136922    25.052813
  134    6.264289   12.539985   15.784515    0.684663     0.124641    27.064922
  135    4.644976   11.271454   11.800232    0.633124     0.092521    14.661444
  136    3.228633   12.546857   15.804378    0.771327     0.234247    31.844057
  137    7.761325   11.641478   11.716404    0.741983     0.206914    26.937971
  138    2.142714   14.861338   15.810025    0.778921     0.102554    14.572955
  139    2.862463   14.508542   11.761307    0.620387     0.127106    19.965728
  140    4.719224   15.137573   15.795535    0.716986     0.141439    25.109124
  141    6.525906   14.570455   11.782299    0.581242     0.092838    14.789400
  142    7.484798   14.838173   15.810190    0.711438     0.123133     9.533885
  143    9.448105   13.852265   11.745963    0.665136     0.108337    10.078140
  144    9.295447   12.797831   15.740246    0.750179     0.131140    17.657736
  145   10.978334   11.694728   11.738056    0.719573     0.207785    24.977146
  146   10.900399    9.833784   15.785094    0.658071     0.176992    21.533132
  147   11.979556    9.257486   11.828029    0.632926     0.085251     8.604253
  148    8.325305   14.891552    9.832499    0.609060     0.113673   194.626508
  149    1.293126   15.836921    9.624841    0.600456     0.126513   254.625003
  150    4.116127    9.462018    9.747320    0.619793     0.118897   216.114390
  151    5.889606    8.529731   18.042166    0.670568     0.087801   252.157128
  152    9.213647   14.914200   18.103460    0.624258     0.142806   254.500817
  153   20.645148    1.099006   11.772326    0.701844     0.114162    10.148277
  154   18.804453    2.264586   15.848840    0.720641     0.090679    10.815461
  155   21.470987    1.655348   15.762918    0.664250     0.101235    16.210245
  156   23.334463    0.843225   11.750122    0.697301     0.154997    25.318279
  157   20.234553    4.474244   15.784515    0.713319     0.124632    25.853232
  158   18.615240    3.205713   11.800232    0.638392     0.092515    14.578989
  159   17.198924    4.481116   15.804378    0.783281     0.234245    33.189485
  160   21.731589    3.575737   11.716404    0.754752     0.206919    27.320835
  161   16.113006    6.795597   15.810025    0.771818     0.102562    14.464356
  162   16.832726    6.442801   11.761307    0.649865     0.127113    20.191475
  163   18.689487    7.071832   15.795535    0.749858     0.157245    24.921338
  164   20.496197    6.504714   11.782299    0.610466     0.092852    14.125234
  165   21.455061    6.772432   15.810190    0.706241     0.123141     9.425286
  166   23.418369    5.786524   11.745963    0.675048     0.108337     9.910967
  167   23.265739    4.732090   15.740246    0.771938     0.131137    17.895800
  168   24.948626    3.628987   11.738056    0.741786     0.204051    24.776287
  169   24.870662    1.768043   15.785094    0.632716     0.176991    20.758103
  170   25.949819    1.191745   11.828029    0.638148     0.085257     8.737237
  171   22.295569    6.825811    9.832499    0.603449     0.113664   193.415573
  172   15.263390    7.771180    9.624841    0.595921     0.126508   256.465665
  173   18.086390    1.396277    9.747320    0.626272     0.118903   215.331066
  174   19.859898    0.463990   18.042166    0.668380     0.087815   252.284079
  175   23.183938    6.848459   18.103460    0.633008     0.142815   256.484770
  176   15.988391    9.164747   11.772326    0.694039     0.114162    10.032136
  177   14.147696   10.330327   15.848840    0.733251     0.090679    10.809176
  178   16.814230    9.721089   15.762918    0.666138     0.101235    16.203709
  179   18.677706    8.908966   11.750122    0.702885     0.154997    25.331603
  180   15.577795   12.539985   15.784515    0.712862     0.124632    25.654636
  181   13.958482   11.271454   11.800232    0.662911     0.108237    14.725045
  182   12.542167   12.546857   15.804378    0.775797     0.234245    33.529361
  183   17.074831   11.641478   11.716404    0.755050     0.206919    27.286898
  184   11.456248   14.861338   15.810025    0.760384     0.102562    14.514382
  185   12.175969   14.508542   11.761307    0.631910     0.127113    20.180162
  186   14.032730   15.137573   15.795535    0.747906     0.157245    25.004798
  187   15.839440   14.570455   11.782299    0.606936     0.092852    13.908537
  188   16.798304   14.838173   15.810190    0.705739     0.123141     9.487379
  189   18.761611   13.852265   11.745963    0.656709     0.108337     9.912727
  190   18.608981   12.797831   15.740246    0.770565     0.131137    17.732901
  191   20.291868   11.694728   11.738056    0.743476     0.204051    25.195350
  192   20.213905    9.833784   15.785094    0.634287     0.176991    20.930052
  193   21.293062    9.257486   11.828029    0.636197     0.085257     8.685451
  194   17.638811   14.891552    9.832499    0.603614     0.113664   192.426865
  195   10.606632   15.836921    9.624841    0.613951     0.126508   259.749293
  196   13.429633    9.462018    9.747320    0.606974     0.118903   216.850454
  197   15.203140    8.529731   18.042166    0.661980     0.087815   252.711187
  198   18.527181   14.914200   18.103460    0.632202     0.142815   256.290699
  199   21.967444    8.296841   17.820734    0.699484     0.124142   165.326748
  200   26.624202    0.231100   17.820734    0.707141     0.124142   165.076114
  201    7.997162    0.231100   17.820734    0.715253     0.124141   164.393345
  202   12.653910    8.296841   17.820734    0.719123     0.124140   165.467023
  203   17.310668    0.231100   17.820734    0.712833     0.124140   164.610293
  204    3.340404    8.296841   17.820734    0.720880     0.124141   164.044167
  205    1.507011    0.844854   12.565436    6.923956     0.628303    10.915765
  206   -0.041436    1.713938   15.070964    6.916243     0.605913    10.548235
  207    3.047028    1.745249   14.813858    7.015194     0.469271    10.880822
  208    4.683571    0.886909   12.718383    6.925278     0.519044    11.290835
  209    1.600761    4.468324   14.815401    6.844464     0.467952    10.501729
  210    0.018441    3.495289   12.735408    7.036603     0.470561    11.550770
  211   -1.495704    4.466259   14.837797    6.854081     0.511323    10.229978
  212    3.112819    3.581641   12.685849    6.881544     0.486266    11.463036
  213   -3.013593    7.112209   15.037218    6.896444     0.639630    10.547984
  214   -1.576573    6.304054   12.701965    6.972972     0.502850    10.939395
  215    0.047425    7.140972   14.829037    6.926434     0.519555    10.357935
  216    1.644348    6.323234   12.717337    7.092273     0.517993    11.713418
  217    3.174605    7.245084   15.025978    6.948559     0.650626    10.801886
  218    4.681858    6.363821   12.526814    6.952038     0.655682    10.699320
  219    4.672544    4.543045   14.785070    6.919332     0.497948    10.633959
  220    6.251567    3.601450   12.704444    6.938640     0.505431    11.709647
  221    6.225228    1.790707   14.816420    6.984819     0.466274    10.958249
  222    7.829025    0.876520   12.602130    7.086716     0.599279    11.741825
  223    3.227785    7.466231   10.424067    6.912575     0.599287    21.458218
  224   -3.408467    7.210724   10.423488    6.869117     0.650771    18.057694
  225    0.053674    1.603260   10.495664    6.875380     0.657254    19.322427
  226    1.092010    0.950838   17.211287    6.765648     0.612858    17.085829
  227    4.354814    6.618666   17.179965    6.861899     0.463999    16.767069
  228   -3.149747    8.910595   12.565436    6.927353     0.628303    11.000985
  229   -4.698193    9.779679   15.070964    6.909023     0.605913    10.463769
  230   -1.609729    9.810990   14.813858    6.937444     0.469271    10.293077
  231    0.026814    8.952650   12.718383    6.943246     0.519044    11.038442
  232   -3.055997   12.534065   14.815401    6.817367     0.467952    10.393381
  233   -4.638317   11.561030   12.735408    7.044075     0.470561    11.581440
  234   -6.152461   12.532000   14.837797    6.826993     0.511323     9.976579
  235   -1.543938   11.647382   12.685849    6.843817     0.486266    11.253630
  236   -7.670350   15.177950   15.037218    6.900465     0.639630    10.576140
  237   -6.233331   14.369795   12.701965    6.964111     0.502850    11.036431
  238   -4.609333   15.206713   14.829037    6.854732     0.519555     9.884823
  239   -3.012410   14.388975   12.717337    6.987525     0.517993    11.118635
  240   -1.482153   15.310825   15.025978    6.859431     0.650626    10.372013
  241    0.025100   14.429562   12.526814    7.058334     0.655682    11.423317
  242    0.015787   12.608786   14.785070    6.832263     0.497948    10.073867
  243    1.594809   11.667191   12.704444    6.867076     0.505431    11.227234
  244    1.568471    9.856448   14.816420    7.006134     0.466274    10.809427
  245    3.172267    8.942261   12.602130    7.098412     0.599279    11.865759
  246   -1.428972   15.531972   10.424067    7.049906     0.599287    22.979366
  247   -8.065225   15.276465   10.423488    6.855152     0.650771    17.795497
  248   -4.603084    9.669001   10.495664    6.862570     0.657254    19.462450
  249   -3.564748    9.016579   17.211287    6.745436     0.612858    17.043847
  250   -0.301944   14.684407   17.179965    6.833813     0.463999    16.239406
  251   10.820517    0.844854   12.565436    7.014920     0.628303    11.523872
  252    9.272070    1.713938   15.070964    6.827299     0.605913    10.314193
  253   12.360534    1.745249   14.813858    6.806102     0.469271     9.485116
  254   13.997077    0.886909   12.718383    6.887599     0.519044    10.868755
  255   10.914267    4.468324   14.815401    6.808235     0.467952    10.402179
  256    9.331947    3.495289   12.735408    6.946324     0.470561    10.927831
  257    7.817830    4.466259   14.837797    6.801184     0.511323     9.920771
  258   12.426325    3.581641   12.685849    6.888425     0.486266    11.546748
  259    6.299941    7.112209   15.037218    6.956695     0.639630    10.671667
  260    7.736933    6.304054   12.701965    7.049812     0.502850    11.425076
  261    9.360931    7.140972   14.829037    6.871281     0.519555     9.977082
  262   10.957854    6.323234   12.717337    7.005832     0.517994    11.235530
  263   12.488111    7.245084   15.025978    6.839163     0.650626    10.275228
  264   13.995392    6.363821   12.526814    7.041827     0.655682    11.274244
  265   13.986050    4.543045   14.785070    6.827179     0.497948    10.021075
  266   15.565101    3.601450   12.704444    6.897826     0.505431    11.097769
  267   15.538734    1.790707   14.816420    6.994393     0.466274    10.906212
  268   17.142531    0.876520   12.602130    7.085054     0.599279    11.741574
  269   12.541319    7.466231   10.424067    7.051783     0.599280    22.918530
  270    5.905039    7.210724   10.423488    6.916291     0.650770    18.210538
  271    9.367180    1.603260   10.495664    7.063657     0.657254    20.314655
  272   10.405544    0.950838   17.211287    6.731778     0.612851    17.654971
  273   13.668320    6.618666   17.179965    6.827257     0.463999    16.231110
  274    6.163759    8.910595   12.565436    6.964889     0.628303    11.182487
  275    4.615313    9.779679   15.070964    6.851851     0.605913    10.264670
  276    7.703777    9.810990   14.813858    6.958145     0.469271    10.399665
  277    9.340320    8.952650   12.718383    6.931115     0.519044    11.332314
  278    6.257509   12.534065   14.815401    6.892472     0.467952    10.832807
  279    4.675189   11.561030   12.735408    7.029642     0.470561    11.667666
  280    3.161073   12.532000   14.837797    6.847024     0.511323    10.245313
  281    7.769568   11.647382   12.685849    6.855479     0.486266    11.420803
  282    1.643184   15.177950   15.037218    6.895788     0.639630    10.483629
  283    3.080175   14.369795   12.701965    7.009780     0.502850    11.726742
  284    4.704173   15.206713   14.829037    6.911320     0.519555    10.216906
  285    6.301096   14.388975   12.717337    7.042609     0.517994    11.595769
  286    7.831354   15.310825   15.025978    6.876978     0.650626    10.415251
  287    9.338634   14.429562   12.526814    7.025783     0.655682    11.167655
  288    9.329293   12.608786   14.785070    6.883746     0.497948    10.300367
  289   10.908343   11.667191   12.704444    6.904507     0.505431    11.277763
  290   10.881977    9.856448   14.816420    6.921331     0.466274    10.505248
  291   12.485773    8.942261   12.602130    7.087597     0.599279    11.874307
  292    7.884562   15.531972   10.424067    6.900145     0.599280    22.306904
  293    1.248281   15.276465   10.423488    7.045209     0.650770    18.747503
  294    4.710422    9.669001   10.495664    6.901178     0.657254    19.313628
  295    5.748786    9.016579   17.211287    6.779528     0.612851    17.284677
  296    9.011562   14.684407   17.179965    6.859066     0.463999    16.020195
  297   20.134051    0.844854   12.565436    6.934059     0.628303    10.945177
  298   18.585604    1.713938   15.070964    6.921609     0.605914    10.661360
  299   21.674040    1.745249   14.813858    6.916794     0.469271    10.203834
  300   23.310611    0.886909   12.718383    6.877323     0.519044    10.959255
  301   20.227773    4.468324   14.815401    6.821902     0.467952    10.477595
  302   18.645481    3.495289   12.735408    7.049498     0.470561    11.675710
  303   17.131336    4.466259   14.837797    6.852275     0.511323    10.221431
  304   21.739859    3.581641   12.685849    6.839893     0.486266    11.228240
  305   15.613447    7.112209   15.037218    6.887575     0.639630    10.439636
  306   17.050467    6.304054   12.701965    6.969003     0.502849    11.047995
  307   18.674437    7.140972   14.829037    6.846478     0.519556     9.847869
  308   20.271360    6.323234   12.717337    6.997215     0.517994    11.090479
  309   21.801617    7.245084   15.025978    6.858381     0.650626    10.275228
  310   23.308898    6.363821   12.526814    6.923077     0.655682    10.672170
  311   23.299584    4.543045   14.785070    6.819945     0.497948     9.995685
  312   24.878607    3.601450   12.704444    6.881464     0.505431    11.022102
  313   24.852268    1.790707   14.816420    6.987555     0.466274    10.857945
  314   26.456037    0.876520   12.602130    7.078796     0.599279    11.879837
  315   21.854825    7.466231   10.424067    6.877834     0.599284    22.224197
  316   15.218573    7.210724   10.423488    7.019517     0.650771    18.415922
  317   18.680686    1.603260   10.495664    6.886121     0.657254    19.396335
  318   19.719050    0.950838   17.211287    6.756437     0.612854    17.289956
  319   22.981826    6.618666   17.179965    6.844518     0.464000    16.090333
  320   15.477293    8.910595   12.565436    7.009840     0.628303    11.452729
  321   13.928847    9.779679   15.070964    6.806739     0.605914    10.119116
  322   17.017283    9.810990   14.813858    6.878111     0.469271    10.024595
  323   18.653854    8.952650   12.718383    6.873075     0.519044    10.827276
  324   15.571015   12.534065   14.815401    6.807903     0.467952    10.393883
  325   13.988723   11.561030   12.735408    6.963894     0.470561    11.196062
  326   12.474579   12.532000   14.837797    6.819285     0.511323     9.984121
  327   17.083102   11.647382   12.685849    6.844494     0.486266    11.151315
  328   10.956690   15.177950   15.037218    6.956619     0.639630    10.843113
  329   12.393709   14.369795   12.701965    7.036093     0.502849    11.536190
  330   14.017679   15.206713   14.829037    6.848975     0.519556     9.870494
  331   15.614602   14.388975   12.717337    6.965702     0.517994    10.945428
  332   17.144860   15.310825   15.025978    6.859608     0.650626    10.368242
  333   18.652140   14.429562   12.526814    6.945919     0.655682    10.754876
  334   18.642827   12.608786   14.785070    6.822600     0.497948    10.008506
  335   20.221849   11.667191   12.704444    6.883931     0.505431    11.007018
  336   20.195511    9.856448   14.816420    6.984430     0.466274    10.830041
  337   21.799279    8.942261   12.602130    7.072233     0.599279    11.878580
  338   17.198068   15.531972   10.424067    6.896600     0.599284    22.513544
  339   10.561815   15.276465   10.423488    6.896841     0.650771    17.932000
  340   14.023928    9.669001   10.495664    7.047245     0.657254    20.514759
  341   15.062292    9.016579   17.211287    6.726404     0.612854    16.980749
  342   18.325068   14.684407   17.179965    6.843666     0.464000    16.080277
  343   22.062219    8.903368   17.059717    6.609570     0.607687    17.450844
  344   26.718976    0.837627   17.059717    6.652163     0.607687    17.624804
  345    8.091964    0.837627   17.059717    6.613546     0.607686    17.567739
  346   12.748713    8.903368   17.059717    6.626238     0.607687    17.565477
  347   17.405470    0.837627   17.059717    6.647786     0.607687    17.567488
  348    3.435206    8.903368   17.059717    6.650293     0.607686    17.511680
 --------------------------------------------------------------------------------
    VACUUM CHARGE:               0.0000
    VACUUM VOLUME:               0.0000
    NUMBER OF ELECTRONS:      1488.0000
